  2537   2483   2475   2480   2518   2532   2480   2478   2431   2428   2440   2426   2411   2379   
  2330   2383   2331   2274   2323   2308   2289   2275   2273   2178   2139   2112   2104   2095   
  2118   2124   2125   2135   2132   2134   2134   2131   2137   2137   2117   2106   2086   2009   
  2049   2102   2113   2144   2182   2195   2208   2209   2166   2142   2143   2136   2108   2132   
  2113   2095   2094   2092   2096   2094   2043   2083   2075   2040   2037   2053   2062   2077   
  2146   2149   2145   2122   2111   2112   2112   2098   2089   2072   2060   2048   2032   2005   
  2001   2022   2043   2059   2058   2044   2054   2050   2014   2000   1990   1982   2003   2019   
  1979   2001   1999   2014   2004   1997   2013   1994   1990   1963   1995   2004   2027   1996   
  1994   1998   2002   1958   1941   1915   1914   1877   1869   1895   1939   1889   1901   1875   
  1862   1880   1846   1836   1844   1862   1866   1887   1891   1874   1870   1870   1871   1869   
  1870   1871   1873   1860   1857   1870   1871   1875   1883   1891   1901   1908   1895   1881   
  1874   1882   1883   1888   1891   1893   1911   1952   1954   1955   1954   1966   1962   1979   
  1974   1985   1996   2018   2015   1993   1985   1964   1951   1961   1980   2010   2024   2016   
  1985   1982   2002   1992   1966   2020   2022   1996   2109   2134   2068   1972   1972   1972   
  1973   1985   1980   1995   2090   1980   1993   1998   2056   2023   2026   2023   2027   2036   
  2044   2037   2037   2121   2060   2045   2060   2166   2270   2225   2173   2150   2137   2083   
  2092   2130   2142   2143   2122   2148   2097   2097   2114   2136   2173   2154   2239   2278   
  2370   2446   2510   2615   2624   2543   2647   2786   2840   2833   2781   2876   2803   2726   
  2745   2737   2753   2764   2801   2814   2710   2601   2578   2655   2573   2598   2731   2631   
  2762   2723   2756   2776   2708   2749   2837   2810   2865   2897   2903   2929   2953   2965   
  2971   3009   2897   2834   2814   2744   2734   2680   2630   2560   2576   2549   2573   2660   
  2709   2657   2526   2531   2594   2647   2689   2624   2650   2703   2627   2475   2428   2421   
  2424   2416   2422   2426   2420   2429   2457   2462   2462   2441   2387   2445   2463   2528   
  2614   2644   2633   2646   2686   2702   2692   2702   2694   2662   2652   2680   2689   2666   
  2689   2711   2713   2680   2656   2632   2625   2633   2622   2620   2640   2642   2635   2619   
  2592   2571   2519   2499   2430   2404   2378   2368   2338   2400   2385   2432   2464   2471 